7.2727e-09	5.4545e-09	3.6364e-09	1.8182e-09
0.025464	0.0054825	3.2003e-05	-0.0006232
-0.031874	0.045352	0.082906	0.061992
-0.086837	0.037246	0.10921	0.088744
-0.082187	0.038465	0.10783	0.087101
-0.11484	0.051484	0.15278	0.12525
-0.10479	0.053752	0.14918	0.12124
-0.093927	0.055765	0.14469	0.11648
-0.088189	0.056676	0.14211	0.11382
-0.12216	0.06555	0.18071	0.1472
-0.15635	0.074192	0.21994	0.18138
-0.19156	0.081018	0.25768	0.21481
-0.2648	0.10057	0.3465	0.29265
-0.28912	0.1045	0.37214	0.31569
-0.34266	0.11918	0.43929	0.37471
-0.3627	0.12204	0.46016	0.39359
-0.014002	0.010481	0.0097785	0.0050075
-0.029638	-0.0012659	0.0018125	0.00098106
0.029054	-0.039697	-0.083918	-0.065668
0.083298	-0.030626	-0.10999	-0.092911
0.078698	-0.031904	-0.10863	-0.091244
0.11087	-0.044113	-0.15356	-0.13001
0.10092	-0.04649	-0.15	-0.12595
0.090151	-0.048629	-0.14555	-0.12112
0.084467	-0.04961	-0.14299	-0.11843
0.11804	-0.057849	-0.18154	-0.15227
0.15188	-0.065933	-0.22071	-0.18686
0.18677	-0.072269	-0.25841	-0.22065
0.25941	-0.09089	-0.34715	-0.29922
0.28355	-0.094571	-0.37276	-0.32245
0.33671	-0.1087	-0.43985	-0.38192
0.35663	-0.11139	-0.46069	-0.40094
